x_mean,y_mean,z_mean,hz_mean,x_range,y_range,z_range,x_min,y_min,z_min,x_max,y_max,z_max,x_fft_mean,y_fft_mean,z_fft_mean,x_fft_range,y_fft_range,z_fft_range,x_fft_min,y_fft_min,z_fft_min,x_fft_max,y_fft_max,z_fft_max
0.1145904426640164,0.0233291803404748,0.250710287137805,18.040394265494477,18.692051854867927,17.876810256630886,22.021738373447903,-10.004077081424,-8.647843174228079,-10.20780965115377,8.687974773443925,9.228967082402807,11.813928722294136,2.611395738339344,4.09016899673659,4.124011428744773,20.01052399152146,18.94906958559561,17.018760758777788,1.572600225863141e-05,0.0236846638061475,0.0176702246526942,20.01053971752372,18.97275424940176,17.03643098343048
-0.1789855459954544,0.0249364528350126,0.1940611578710573,17.916360573573055,17.748008831894857,16.723467659428824,20.02882087358865,-9.43765126764016,-7.975059992526684,-11.104622526090653,8.310357564254696,8.748407666902141,8.924198347497997,2.521898051169856,3.5813530733889087,3.662379776198205,21.194446111529075,15.230303478131017,17.69404234772759,1.972934656652159e-05,0.0224696463853764,0.013191320086321,21.19446584087564,15.252773124516391,17.70723366781391
-0.1218419233767539,0.0361491528908927,0.183880859615031,19.165450637195818,21.71298952838213,18.645705321432636,19.13200799865137,-12.080971731965132,-8.45561940802773,-11.204268401083594,9.632017796417,10.190085913404904,7.927739597567782,2.556373277184023,3.9174543626170086,3.986035241966733,22.860753871444267,16.013171256871146,18.86168466173886,2.277368759165399e-05,0.0117856290043927,0.0201960529072795,22.860776645131857,16.02495688587554,18.88188071464614
-0.1195736756271823,0.0308379817894125,0.200698991041588,18.792310501911288,17.653604529597544,15.666236945327109,18.932716248665493,-10.004077081424,-7.782836226326336,-11.104622526090653,7.649527448173544,7.883400719000773,7.828093722574841,2.293293257040808,3.6897834816351582,3.8349509461544007,19.0538423620582,16.85461412275966,15.75767812747997,9.472335416399467e-06,0.0026622631076123,0.0201258847441345,19.05385183439362,16.857276385867273,15.777804012224104
-0.0807988401201237,0.0340418025004278,0.2065473345377483,17.286940871321253,20.58013790081444,18.54959343833189,17.039444623799177,-11.325737313586671,-8.840066940428041,-7.81630865132274,9.25440058722777,9.70952649790385,9.223135972476438,2.671110804712548,3.450110535517825,3.7029284681332832,22.29041964064495,16.469636276989224,18.31316268670353,0.0001141349448736,0.0138692795650822,0.0209635946662214,22.29053377558982,16.483505556554306,18.334126281369755
0.3805139015872996,0.0496224573027664,0.2668230405001058,18.695500253270684,25.39475731797748,28.833564930050123,20.22811262357454,-10.948120104397448,-9.801185771430143,-10.606393151125936,14.44663721358003,19.03237915861998,9.621719472448603,3.821587513851118,4.892761261056561,4.497672882414784,31.716079672714905,25.44994108691364,23.34535245015425,3.7421200296261503e-06,0.0275330281197739,0.0180231324395162,31.716083414834934,25.477474115033413,23.36337558259377
0.4002717254728078,0.0622314988353202,0.2495107748442951,18.13879485331742,21.429776621490213,30.467466942752864,21.62315487347613,-9.720864174532457,-11.723423433433204,-10.20780965115377,11.708912446957754,18.74404350931966,11.415345222322362,2.9519573004672504,4.21517746768657,4.067797414810999,25.594424318182693,26.79738598260538,25.274832214626272,2.1993346067006318e-05,0.0142460866055194,0.0169175310013383,25.59444631152876,26.8116320692109,25.29174974562761
0.3539316146546922,0.0329135404759964,0.2009790580956369,28.117575552814056,18.59764755257062,19.89515980173468,15.744048248890522,-9.248842663045544,-9.705073888329776,-7.11878752637174,9.348804889525075,10.190085913404904,8.625260722518782,2.473214999217197,3.840196374021017,4.214935711796292,19.867741238489494,17.5779648737395,17.026807338257196,2.3203602340482465e-05,0.0099473976805771,0.0150420700509166,19.867764442091836,17.587912271420077,17.041849408308114
0.3301034030920888,0.0051793527969892,0.2893063254264018,17.20382401561972,19.35288197094908,21.336838048236697,20.925633748525527,-9.248842663045544,-11.531199667232856,-9.211350901224336,10.104039307903536,9.80563838100384,11.714282847301194,2.672984563344228,3.9433561926638383,4.184980648216643,22.72850002287371,19.17272842556626,19.47347855192501,4.234121315938033e-05,0.0199070233877586,0.0126490948625211,22.72854236408687,19.192635448954015,19.486127646787534
0.3390150854156073,0.016379186827263,0.2474498997985462,17.27818374171537,23.97869278351788,34.11971850055903,27.900844998033904,-9.720864174532457,-14.222332394037682,-14.293290525866006,14.25782860898542,19.897386106521346,13.6075544721679,3.45614790895213,4.807633735944243,4.631094803922949,32.31432520294833,31.716426219935865,25.64304556115621,1.1578237807619018e-05,0.0159178620702525,0.0090040845148804,32.31433678118614,31.73234408200612,25.65204964567109
0.2056276225929764,-0.0042945707853641,0.1285175737137636,20.16627486275219,14.91587976297564,19.79904791863395,16.740506998820344,-6.8887351056128665,-10.570080836231142,-7.417725151350574,8.027144657362772,9.228967082402807,9.322781847469772,2.564834652410406,3.8051452487237696,4.108435723190679,17.659932793770317,17.73739939917904,13.699595194737263,1.8538317885230528e-06,0.0077860597973401,0.009703133768876,17.659934647602107,17.74518545897638,13.70929832850614
0.1618658914434451,-0.0270212128125087,0.1083577154443981,17.824137085517545,22.27941534216597,29.6024599948515,21.42386312349025,-9.060034058450931,-10.37785707003117,-11.303914276076537,13.21938128371504,19.22460292482033,10.119948847413712,2.911653814223999,4.228896754879905,4.408227172350529,25.87200106856304,25.55587086341307,25.52459443200433,3.275365754429327e-05,0.0224521067477666,0.0183009891735223,25.87203382222058,25.57832297016084,25.542895421177857
0.2241467778868724,-0.0130139792651654,0.1444585142333782,17.59847034035295,19.73049918013869,23.162963827139787,18.434486873700777,-8.58801254696477,-9.416738239029078,-8.812767401252172,11.142486633173917,13.74622558811071,9.621719472448603,2.5724398324960416,3.716332590692504,3.81947912151316,26.105557437623773,22.456916630718343,21.622590249577858,2.059931207942789e-05,0.0139584218425466,0.0196722821878129,26.105578036935853,22.47087505256089,21.64226253176567
0.1630324813041155,-0.0212771116964582,0.1015759666700285,19.236947166916693,15.954327088246028,21.43294993133744,14.946881248946587,-7.455160919396713,-10.37785707003117,-6.819849901392524,8.499166168849316,11.05509286130627,8.127031347554066,2.407769643281421,3.630320217452815,3.661196492478196,15.126805913283274,17.647669394559554,16.887736410390342,1.6650686548436155e-06,0.0191068048053639,0.0132453547267103,15.12680757835193,17.666776199364918,16.900981765117052
0.239606064216466,-0.0038317618542854,0.1359304024921344,19.495703951847013,17.087178715813703,24.316306424341853,16.640861123827,-7.738373826288629,-10.570080836231142,-8.214892151294114,9.348804889525075,13.74622558811071,8.425968972532889,2.393257705252705,4.076859456070699,4.2471085235609785,16.956809165268112,19.52754709850714,20.47192610696358,2.0892303091990527e-05,0.0213724196986714,0.0091557827535152,16.956830057571203,19.54891951820581,20.481081889717096
0.2569228214438538,0.0502103474586518,0.0951024509940549,17.07135489361788,15.482305576759485,18.45348155523229,15.94333999887641,-7.360756617099399,-9.801185771430143,-6.321620526427808,8.121548959660085,8.65229578380215,9.621719472448603,2.2128253967918137,3.3709307242528848,3.5706393300083685,20.89254471155196,14.235444152280165,15.173316071956412,1.911140581123405e-05,0.0211974470702798,0.0190443601104744,20.89256382295777,14.256641599350443,15.192360432066886
-0.1273707317919379,-0.1337895644815606,0.240548333644864,20.41372845712037,23.31786266743672,32.581928370956646,32.68384699769675,-10.759311499802829,-15.375674991239745,-15.28974927579583,12.558551167633889,17.206253379716905,17.39409772190092,3.165253388663652,4.562556565111568,4.558198797361356,31.86737105763936,28.42053443628233,23.04615258363589,2.119382084653232e-05,0.0045721812390942,0.0206639991581633,31.867392251460203,28.425106617521426,23.06681658279405
0.0180279228142282,0.0022603643690682,0.056285981620811,17.37539930009994,20.58013790081482,15.666236945327498,16.242277623855237,-9.720864174532457,-6.821717395324997,-8.01560040130823,10.859273726282362,8.8445195500025,8.226677222547007,3.0131252625814584,3.181789427232741,4.328499084969812,27.088009623917827,16.53009199291007,19.607033283804448,3.554369268249369e-05,0.0144642617180536,0.0183934824243068,27.08804516761051,16.544556254628123,19.62542676622876
-0.044340613190419,-0.0549227752067235,0.1161166565213102,18.68380769322723,27.09403475932901,25.27742525534357,28.199782623012737,-11.703354522775903,-9.22451447282873,-14.093998775880124,15.390680236553106,16.052910782514836,14.105783847132615,3.639717454200499,4.220269703073905,4.218037301033824,34.044608792757295,28.2889492079345,23.96861938338865,4.896423145162032e-06,0.0234452584231023,0.013709929091981,34.04461368918044,28.312394466357603,23.98232931248063
-0.331986064761767,-2.189718041403244,0.2438510744255974,17.58542802675966,26.149991736355933,32.77415213715699,43.84418499690992,-13.969057777911276,-18.73959089974558,-21.36814765036733,12.180933958444657,14.034561237411411,22.47603734654259,6.682526582537834,9.01680387825326,7.592829487204364,42.85726086422862,39.73891741412224,30.977786243440303,5.035633126301842e-06,0.0118844424036613,0.0068573580196535,42.857265899861744,39.7508018565259,30.98464360145996
-0.1344126410337481,-0.0867941653593981,-0.0463712887642002,16.35255725881759,19.636094877841373,21.336838048236714,19.23165387364471,-10.948120104397448,-9.416738239029078,-10.506747276132986,8.687974773443925,11.920099809207636,8.724906597511723,2.840943167087961,3.036911898567648,3.4044357158472014,26.14930371867537,17.26788285427859,19.503784805428392,1.905307253802224e-06,0.0077331692075685,0.0085475591084356,26.14930562398262,17.275616023486158,19.512332364536828
-0.0029180966730576,-0.0374237603420885,-0.09304467434908,17.386351010502437,15.104688367570256,12.782880452321947,11.16033799921317,-7.455160919396713,-6.341157979823942,-4.527994776554044,7.649527448173544,6.441722472498006,6.6323432226591255,2.2975485930557973,2.790704521350093,3.576430019939826,21.501674412560856,13.638765434305524,17.363714402053613,1.3568748095882375e-05,0.0054585094441385,0.0093951788124807,21.50168798130895,13.644223943749664,17.373109580866092
-0.1736825246387134,-0.2908211709776612,0.2543116694400913,18.511535317986848,19.82490348243561,25.75798467084462,36.96861962239449,-10.004077081424,-14.030108627837333,-18.777354900550023,9.82082640101161,11.72787604300729,18.19126472184447,4.697402514490018,5.75773956634811,6.45321357344818,26.47267760263531,25.07722493659254,28.806007286345142,6.685520427646141e-05,0.0238032628202777,0.0322077899061667,26.47274445783959,25.101028199412816,28.83821507625131
0.0064642637314645,0.0103521276309416,0.0571906228408232,21.66981448453538,15.765518483651402,19.030152853832945,13.252901374065766,-7.360756617099399,-7.590612460125996,-5.424807651490926,8.404761866552002,11.43954039370695,7.828093722574841,3.25016924383848,3.5726594650245938,3.4813542162163347,22.7522998035026,19.686355514513544,16.33121416639119,3.0924771866835954e-05,0.0179054933400461,0.0057030580180282,22.75233072827447,19.70426100785359,16.33691722440922
0.0523822998448717,0.0271790959807255,0.0549309050265801,19.320976192875573,16.520752902029866,17.58847460733056,12.057150874150445,-7.266352314802095,-7.110053044625318,-5.723745276470142,9.25440058722777,10.478421562705243,6.333405597680301,3.024210057870608,3.3232997633503807,3.853055760226781,21.32902489465156,18.95415229116125,16.21908701946918,3.842993656838489e-05,0.0164475739205294,0.0179517383921457,21.329063324588127,18.970599865081784,16.237038757861324
-0.1016816941165227,-0.0043236687409839,0.0898007453801717,17.7450091571551,21.524180923787885,21.62517369753741,32.18561762273164,-10.287289988316294,-10.76230460243148,-15.389395150788772,11.23689093547159,10.862869095105925,16.796222471942873,3.853067428548419,4.576677667625476,5.387827509598743,27.66832803813996,21.745090276596063,24.45195845427162,1.3909038091244884e-05,0.0187084479925579,0.0228753001180797,27.668341947178053,21.76379872458862,24.4748337543897
-0.03054609020408,0.0263980471657523,-0.0416710578258792,17.827529956449514,18.503243250273684,13.647887400223691,11.558921499185336,-9.909672779127066,-6.148934213623603,-5.424807651490926,8.59357047114662,7.498953186600088,6.134113847694409,2.743296773688248,2.528312523130425,3.33023204752376,23.003686389091683,14.497509271653993,16.636675954870476,4.169307121881793e-06,0.0081530782232473,0.0054105884318904,23.003690558398805,14.50566234987724,16.642086543302366
-0.0538396643318033,0.020878883161221,-0.0418317471096677,18.14605704499928,20.768946505409424,20.08738356793464,12.057150874150445,-9.532055569937835,-6.437269862923923,-5.923037026456034,11.23689093547159,13.650113705010716,6.134113847694409,3.2840690923643128,3.4942363793503093,3.921186790570392,23.0157737529365,22.294616258674125,19.865102944168346,4.902723809077636e-05,0.0124884521438118,0.011488458280767,23.01582278017459,22.30710471081794,19.87659140244911
-0.0614500855081586,0.0207500367949596,-0.0023859422881106,21.05099526822712,22.75143685365288,24.89297772294326,15.04652712393953,-10.759311499802829,-8.9361788235284,-6.421266401420749,11.992125353850048,15.956798899414862,8.625260722518782,4.078807152058537,4.7807148556863845,4.4721136938875965,33.29057196767472,28.631127937386378,22.642722128015794,6.084877529236032e-05,0.0129935848175444,0.0186933291842354,33.290632816450014,28.64412152220392,22.66141545720003
-0.1237862680645852,-0.0550450702603144,0.5660019059217903,18.741774752016184,26.05558743405863,32.77415213715663,37.96507837232393,-13.308227661830124,-14.8951155757387,-17.083375025669202,12.747359772228505,17.879036561417927,20.881703346654724,5.736858752973001,7.148042122832328,6.361477845951334,44.07961379201478,30.889783015021035,29.854911284956277,9.343834966291098e-05,0.0257851250834084,0.0217096170911366,44.07970723036445,30.915568140104444,29.87662090204741
-0.2410241487741305,-0.0179264203812845,0.0822614344721495,15.311189657214992,31.3422283627082,35.17694921466111,19.929174998595705,-15.762739521560484,-12.68454226443493,-9.41064265121022,15.579488841147716,22.492406950226176,10.518532347385488,3.764138185935301,4.271169390301102,4.513365583332904,42.05228518187167,32.640819402623094,26.90934785910146,9.472335416399467e-06,0.0124793474559632,0.0214146642781828,42.05229465420708,32.65329875007906,26.93076252337964
-0.1890872929613758,-0.0430023455351992,0.1526252384649173,18.576713618561847,33.23031440865471,32.101368955455214,23.21748887336361,-15.573930916965866,-11.819535316533187,-10.80568490111182,17.65638349168885,20.28183363892203,12.411803972251793,4.613970981664513,5.03678918383419,5.619151858580122,42.95304995863201,34.1645034069704,30.418625373323906,3.172108847548927e-05,0.0177177753581239,0.019585762928773,42.95308167972048,34.18222118232852,30.43821113625268
-0.1465519426271086,-0.0268913448891889,0.1074775816925035,15.515337730274103,31.71984557189742,30.7558025920532,26.80474037311075,-13.685844871019352,-11.819535316533187,-14.093998775880124,18.034000700878067,18.93626727552001,12.710741597230626,3.2026935595785155,3.6920579752792815,4.000436475159009,39.67709981006397,30.71629780999607,26.608147549391937,1.6699072852399688e-05,0.0143176746776476,0.0136385314612105,39.67711650913682,30.73061548467372,26.62178608085315
-0.3968595512555454,-0.2460997638895989,-1.1321939140092894,15.454579522419928,25.017140108788247,26.430767852545628,31.18915887280221,-12.45858894115436,-11.338975901032518,-16.186562150732712,12.558551167633889,15.09179195151311,15.002596722069498,4.520653776402969,4.887485728240282,5.023754338277658,35.47204183607129,30.39244418708843,28.41994701877326,7.72561683548556e-06,0.0209913791605009,0.0199765027532362,35.472049561688124,30.41343556624893,28.4399235215265
-0.2091196119827377,0.0044974836806644,0.1218932394225383,15.100120001521388,26.33880034095054,29.506348111751137,20.32775849856708,-13.402631964127428,-10.954528368631829,-9.111705026230997,12.936168376823115,18.55181974311931,11.216053472336084,3.3353380547574702,3.625444257705444,3.764771670859136,34.1176568659957,29.2482688873794,27.97949023148625,9.472335416399467e-06,0.0216673943698308,0.0205489266329504,34.11766633833111,29.269936281749228,28.0000391581192
-0.1234842725438797,-0.024198192420719,0.1206023137143003,20.175343674011746,30.58699394432974,31.332473890654228,22.021738373447903,-12.45858894115436,-11.338975901032518,-11.104622526090653,18.12840500317538,19.99349798962171,10.917115847357254,4.588966000708731,5.805746545496624,5.533499330930418,41.52643516348835,32.793513853689554,31.45974974061192,1.304271207833163e-05,0.0154840845977899,0.0224726100660216,41.52644820620043,32.80899793828734,31.48222235067794
-0.17134952374958,-0.0146171755941602,0.041003735049752,16.357514870694846,30.964611153518973,30.179131293452546,31.886679997752815,-15.196313707776635,-10.6661927193315,-14.492582275851898,15.768297445742336,19.51293857412104,17.39409772190092,3.8583878448515736,4.639909868901185,4.416780258511079,41.24282635542689,29.997294611938354,27.731554145911563,2.6693110107167684e-05,0.0221908150635267,0.0118308095736094,41.242853048537,30.01948542700188,27.743384955485173
-0.1822906599853831,-0.0215589592125107,0.085239841316424,15.125406632532972,34.363166036222395,33.73527096815833,22.91855124838478,-15.196313707776635,-12.492318498234582,-12.499664775992242,19.16685232844576,21.24295246992375,10.418886472392538,4.132915615260902,5.353661973696492,4.849448262956894,45.45581503382942,37.206504702370346,31.847271156561067,9.974701081993942e-06,0.0179557925062154,0.021400207212373,45.455825008530496,37.22446049487656,31.86867136377344
-0.2837780319618432,-0.0150072122744619,0.0798874699342993,15.65965164583388,33.79674022243856,32.581928370956646,28.29942849800529,-17.650825567506626,-12.58843038133494,-15.090457525809557,16.145914654931932,19.99349798962171,13.208970972195734,4.580915295897716,5.740167569754189,4.762835623463159,45.38742095596909,36.20775204984565,27.4639255856716,4.485101982254491e-06,0.0187852690361222,0.0239081829298536,45.38742544107107,36.226537318881775,27.48783376860145
-0.7815433448759216,-2.700499472954172,-1.5686737524861067,15.226642940234353,24.073097085815174,27.584110449747698,41.95091337204333,-12.836206150343587,-16.62512947154179,-22.96248165025493,11.23689093547159,10.95898097820591,18.9884317217884,5.298191229755047,7.756969325501056,7.100144688774957,34.23324851412156,36.66522657394253,32.21846618003944,9.557589483266682e-05,0.0109500075286824,0.0183005755241441,34.233344090016395,36.67617658147122,32.236766755563586
-0.5605159345964995,-0.032249922999335,0.2110646224328332,17.4060444495815,23.88428848122056,21.81739746373776,16.939798748806226,-13.0250147549382,-8.359507524927372,-6.620558151406632,10.859273726282362,13.457889938810387,10.319240597399595,3.884197682442072,4.100146307998581,3.6504780617905,25.78001855945276,21.272658499690905,17.780874881825937,5.239439447790595e-05,0.0155911862149479,0.0150622365313938,25.78007095384724,21.288249685905853,17.79593711835733
-0.792554952563332,-1.616430089641681,-1.3202558420584585,17.20539175543987,27.37724766622094,32.774152137157,38.56295362228237,-14.724292196289737,-17.00957700394248,-20.77027240040968,12.6529554699312,15.764575133214516,17.792681221872694,5.633571978974029,7.268689150848966,6.719913331480111,37.40901855068216,36.11533161914608,33.28973906890198,1.0878764765243076e-05,0.0218693594976154,0.0238644462929083,37.40902942944692,36.13720097864369,33.31360351519489
-0.5243614122105745,-0.2872053572154953,-0.391726191235752,16.787266893836826,27.66046057311285,25.46964902154429,33.4810139976403,-14.06346208020858,-10.6661927193315,-17.382312650648426,13.596998492904268,14.803456302212792,16.09870134699187,4.592602080204446,4.977783840658613,4.627859579628633,33.15989102183986,30.32729121101028,22.70915747339832,2.4313428659272773e-06,0.0132843358103741,0.00310468103598,33.159893453182725,30.340575546820656,22.712262154434303
-0.6414253138881889,-0.0407805118833471,0.0505750696821922,18.948030995906493,30.30378103743745,24.89297772294288,30.6909294978371,-15.6683352192628,-10.570080836231142,-16.78443740069037,14.635445818174649,14.322896886711735,13.906492097146732,3.998870511948332,5.49507227312888,6.400905860025427,28.49867635095704,21.910995713431568,26.243793687355407,3.167867120024148e-05,0.0082186820880333,0.0209460037459751,28.49870802962824,21.9192143955196,26.264739691101383
-0.617243667354957,-0.040557689332254,-0.0184155727779425,15.904481399588803,24.167501388112484,23.066851944039804,33.77995162261952,-12.930610452640892,-9.128402589728749,-18.877000775542967,11.23689093547159,13.938449354311055,14.902950847076555,2.952975714590384,4.135686269411654,5.0201812606657965,25.468855074118437,21.575072970916093,22.15607080240644,1.975216972993632e-05,0.0123683337708276,0.0136658277353508,25.468874826288165,21.58744130468692,22.16973663014179
-0.5681782582031542,-0.0264532744378455,0.1156240732140016,16.532111338123812,25.39475731797748,20.56794298343532,26.107219248160145,-14.44107928939818,-9.22451447282873,-14.293290525866006,10.953678028579295,11.343428510606588,11.813928722294136,2.630288137278542,3.946151697461917,4.673556887958416,27.84458242930506,18.1698062029098,25.315371313055014,8.672810221321825e-06,0.008128556860546,0.0177612175084432,27.84459110211528,18.17793475977034,25.333132530563457
-0.6085313088112294,-0.1498124794879323,0.0864092909068602,15.64351619420769,25.772374527166704,27.48799856664772,36.27109849744353,-13.780249173316658,-11.242864017932536,-21.76673115033914,11.992125353850048,16.245134548715185,14.50436734710439,3.801237739904564,4.8381802532510765,5.452317940935867,31.69023107036116,31.50452727577209,33.09661135876447,4.935581333409544e-06,0.007236349476872,0.0269568104041191,31.69023600594249,31.511763625248967,33.12356816916859
-0.4739686099780766,-0.0155707593870362,0.038147360342811,16.089263000408682,26.52760894554517,21.529061814437423,34.57711862256306,-12.552993243451668,-9.608962005229792,-17.880542025613142,13.974615702093498,11.920099809207636,16.69657659694992,3.336488684336215,3.969862610715606,4.67370057248113,33.27887838255463,26.571386041584518,23.0410007250357,2.277368759165399e-05,0.0144150766174568,0.0234849835902241,33.27890115624222,26.58580111820197,23.064485708625924
-0.5235605207692198,-0.0173437936865037,0.2354577961093601,16.066402632510112,26.433204643247866,28.44911739764905,31.48809649778064,-13.119419057235516,-10.954528368631829,-15.389395150788772,13.313785586012344,17.494589029017227,16.09870134699187,3.8954065465286263,5.221672110994354,6.010876940556347,28.659726113852305,28.398367968557228,26.898862420463463,1.6072985801418582e-05,0.0185100094573041,0.0256979444170936,28.659742186838105,28.416877978014533,26.92456036488056
-0.4951863671874489,0.0214636821468863,0.2065395583825107,16.861351175831153,24.356309992707104,20.5679429834357,28.299428498005287,-12.364184638857056,-9.128402589728749,-14.891165775823664,11.992125353850048,11.43954039370695,13.408262722181624,3.016476987969936,3.924825436710479,4.741390458067008,23.362038833944236,20.66678162686334,22.57188215918357,2.372963759400548e-05,0.0138908481021779,0.0229965545574658,23.362062563581823,20.68067247496552,22.59487871374104
-0.4951855239823815,0.0028423334739554,0.2761565919079545,15.617373933325338,28.79331220068054,24.31630642434185,24.313593498286387,-14.157866382505889,-8.9361788235284,-11.204268401083594,14.635445818174649,15.38012760081345,13.109325097202792,3.288051425669137,3.984712801293152,4.978949195628368,30.213532389881955,23.195856162618053,26.513982278689305,3.789731577374944e-05,0.0150257401467745,0.0158347845305975,30.21357028719773,23.21088190276483,26.5298170632199
-0.5543009296205683,-0.0293679656080934,0.1583605902937791,16.379908355491363,31.059015455816287,30.08301941035217,29.893762497893555,-15.385122312371257,-10.089521420730463,-16.08691627573977,15.673893143445028,19.99349798962171,13.806846222153784,4.61373040772274,4.832266023760025,5.414627385444263,46.98008561041193,30.623633423120765,27.748478884906383,1.380898629821381e-05,0.0143731211134602,0.0083891415241418,46.98009941939823,30.638006544234223,27.756868026430524
-0.5943640799552424,-0.0182659329067519,0.2729796556776178,14.587235115670794,36.06244347757393,28.929676813150103,23.715718248328727,-16.89559114912817,-9.897297654530124,-10.706039026118878,19.16685232844576,19.03237915861998,13.00967922220985,3.94853313986102,4.01212107288072,4.626624783516388,40.29338069879065,35.468735953256754,29.337255374086,0.0003155632718491,0.0112152927680556,0.0229840813291316,40.2936962620625,35.47995124602481,29.360239455415133
-0.6267938689321743,-0.0276343381094892,0.2349304245916414,16.93732476004521,32.852697199464735,33.06248778645732,24.51288524827227,-15.6683352192628,-10.76230460243148,-12.4000189009993,17.184361980201935,22.30018318402584,12.112866347272968,4.544808071215589,4.646060582097381,5.14140101877061,41.5032455391944,32.942398438014244,28.480875424563727,6.388516625976948e-05,0.0152050495288716,0.016400569659792,41.50330942436066,32.95760348754312,28.49727599422352
-0.6417990573225993,-0.2390068938671644,0.1736444455648754,16.757013674232457,34.07995312933011,35.657508630161786,41.85126749705032,-16.32916533534432,-13.933996744736977,-21.76673115033914,17.750787793985783,21.72351188542481,20.08453634671117,5.866983000681938,6.869264062743324,6.756394557616347,44.5585248484644,35.41498591310753,30.45158527262339,0.0001542813497077,0.019468067596775,0.0062357634407508,44.55867912981411,35.434453980704305,30.457821036064143
-0.6120716344268442,-0.0850931208591675,0.1413097320758373,18.517475150018125,32.19186708338397,32.29359272165595,30.79057537283005,-16.801186846830866,-11.435087784132875,-16.88408327568332,15.390680236553106,20.858504937523072,13.906492097146732,5.747190265953211,6.370250807591964,6.388691328705927,45.44046713716315,35.28230100843315,27.860839361863547,2.0503879447852924e-05,0.0183860689683353,0.0290900219110046,45.440487641042594,35.300687077401484,27.88992938377455
-0.5594831557674901,-0.046154953733633,0.1611945274234851,16.616558302965597,30.209376735140516,31.14025012445388,24.41323937327932,-14.06346208020858,-11.050640251732188,-11.503206026062418,16.145914654931932,20.08960987272169,12.9100333472169,5.03311601240976,5.387632347422482,4.711175689638381,42.69075305075148,32.68458317904676,26.161940202166715,0.000105021300933,0.0062749284327896,0.0234826047388477,42.69085807205241,32.69085810747955,26.185422806905564
-0.5376292806349036,-0.0483528051777783,-0.1566003191177852,15.319185829780167,32.47507999027625,30.85191447515356,31.488096497780653,-14.44107928939818,-11.435087784132875,-16.98372915067626,18.034000700878067,19.41682669102068,14.50436734710439,4.522799867013885,5.044162869974466,4.7405122625984415,48.97550960945278,36.80510462183889,29.456385422141853,4.978176472825169e-06,0.0092892058982594,0.0198332036098663,48.97551458762925,36.81439382773716,29.47621862575172
-0.5856126527426783,-0.0245992276927198,0.1558398735041581,17.29814549135319,30.30378103743745,29.89079564415183,26.90438624810408,-15.290718010073572,-9.705073888329776,-13.296831775936182,15.013063027363875,20.18572175582205,13.6075544721679,4.939605478889387,5.180086211040799,4.833904512955921,48.61012176107902,29.44279855499834,24.1699424540602,7.510607708338668e-05,0.0068685236948456,0.0248448558089459,48.610196867156105,29.449667078693185,24.194787309869145
-0.5526713143162779,-0.0065485346822129,0.177563041953825,11.396248529003858,28.226886386897064,22.778516294739475,19.829529123602367,-14.44107928939818,-7.302276810825666,-9.111705026230997,13.785807097498886,15.47623948391381,10.71782409737137,3.078038843335652,3.050484932793142,2.627323252854054,33.45524624474984,26.352694910611977,21.11112613207896,2.4946390774771565e-05,0.0247061941951829,0.0133579066195249,33.45527119114061,26.37740110480716,21.124484038698483
-0.6577184267598761,-0.0358337712626199,0.2638943970253842,18.77188816356235,27.47165196851823,27.007439151146663,23.71571824832833,-14.913100800884344,-9.512850122129436,-11.303914276076537,12.558551167633889,17.494589029017227,12.411803972251793,4.811451492188318,5.398666932785731,5.607206409627924,37.5988667596416,27.302777530196447,26.383414652643484,3.983969204246485e-05,0.0109865167007366,0.0211196958937147,37.59890659933364,27.313764046897184,26.4045343485372
-0.6830958692388363,-0.0330070124507151,0.2099211742860413,17.437972484506982,26.149991736355943,24.89297772294288,23.91500999831461,-14.252270684803568,-9.03229070662839,-11.70249777604831,11.897721051552374,15.860687016314488,12.212512222266302,4.028418422289186,4.492964237448317,4.785714428379971,34.05395862830704,25.18066147780644,23.280156958267938,8.19765957693619e-06,0.0050756009861912,0.0246506702167476,34.05396682596662,25.185737078792634,23.304807628484685
-0.7255644381381439,-0.0272522919560303,0.1586306659541692,17.48813331258778,21.335372319192903,23.643523242640832,30.093054247879053,-11.986567429667828,-9.705073888329776,-14.990811650816614,9.348804889525075,13.938449354311055,15.10224259706244,3.3621982418170404,4.437294600211417,4.878115298957255,31.45067123126615,25.265718121783763,22.903732916414736,2.1814187537216867e-05,0.0228675355232246,0.0292250870717254,31.450693045453686,25.28858565730699,22.932958003486466
0.0813527600567147,0.0385352384026366,0.1145370821655804,18.465297085442664,32.00305847878936,27.968557982148376,24.51288524827266,-16.706782544533553,-9.897297654530124,-10.706039026118878,15.2962759342558,18.07126032761825,13.806846222153784,4.69195561134543,4.913858364144663,5.752126904719753,36.0565192364291,24.112006789181347,28.88833371228162,3.7730463533391934e-05,0.0084108145704761,0.0124179061138967,36.05655696689263,24.12041760375182,28.90075161839552
0.0595880051618462,0.0376368012345252,0.1569920263840705,18.67837542832781,27.94367348000477,26.622991618745974,38.16437012231019,-13.402631964127428,-8.45561940802773,-19.17593840052179,14.541041515877344,18.16737221071825,18.9884317217884,4.486132934509634,5.260367031497176,6.225656108969551,34.222684603960374,26.188176073795866,27.534112952903225,3.7730463533391934e-05,0.0141164285818791,0.0167510370861861,34.222722334423906,26.20229250237774,27.550863989989413
0.0421204883398864,0.0431558488579665,0.1353218307923233,17.718890756162725,23.034649760544426,21.52906181443742,23.31713474835656,-12.930610452640892,-8.167283758727024,-8.912413276245113,10.104039307903536,13.361778055710396,14.404721472111447,3.059688883733993,4.085329771243347,4.991335186274549,25.26138860779156,21.116597027577612,24.16284068902048,4.695342377888934e-06,0.003155466905879,0.0187983317324043,25.261393303133936,21.119752494483496,24.181639020752883
0.0246429985030267,0.052782223207517,-0.0164192829610121,17.002622497835752,16.143135692840637,12.590656686121983,19.63023737361648,-8.304799640072476,-5.476151031922585,-9.012059151238054,7.838336052768161,7.1145056541994,10.618178222378427,2.225301934582892,3.3276388466309355,2.835395725939928,16.801510327456988,20.421869504163503,14.571298969605976,5.067236256817154e-06,0.0247246215345514,0.0107739816477408,16.801515394693244,20.446594125698056,14.582072951253718
-0.1145077987886345,-0.5145562232136128,0.0630796052419668,16.583311125484535,17.84241313419216,19.89515980173431,35.872514997471725,-8.39920394236978,-11.819535316533187,-18.079833775599027,9.44320919182238,8.075624485201123,17.792681221872694,4.253155058808707,4.991632876263851,4.8851692290298665,32.58801012182449,27.70550521881281,24.38657400965352,3.118941845553502e-05,0.0160296792486523,0.016262355975408,32.58804131124295,27.721534898061464,24.402836365628925
-0.0041701488254314,0.0523999461921707,-0.0005190948621102,16.589479678526928,14.255049646894497,11.437314088919912,21.72280074846907,-6.79433080331556,-5.2839272657222365,-9.51028852620277,7.460718843578934,6.1533868231976765,12.212512222266302,2.291379322241153,3.038613055705804,2.569555412241431,19.15709692990125,17.684537703559904,14.0195114103994,9.60050254850131e-06,0.0253073848681154,0.0167741990909582,19.1571065304038,17.70984508842802,14.03628560949036
-0.1611983466131506,0.0474638930500543,0.1457589998480286,18.12463769146828,18.125626041084452,10.476195257918189,22.818905373391843,-9.532055569937835,-4.226696551620531,-12.200727151013416,8.59357047114662,6.249498706297656,10.618178222378427,3.3669410459322413,3.1694216152218706,3.192864728776176,20.368531299129263,14.340103302070515,17.430773838508717,4.2244394464013846e-05,0.0184830934705915,0.0199563689875414,20.368573543523727,14.358586395541106,17.450730207496257
-0.2101415890965951,0.0517595215773384,0.0547641215590867,15.066948122933844,11.139707671082984,9.803412076217178,13.153255499072817,-5.472670571153257,-4.41892031782088,-6.520912276413691,5.6670370999297255,5.384491758396299,6.6323432226591255,1.803507631347146,2.5050114082236097,1.9224060311762252,15.669854084507763,14.103242541511538,11.71483609844581,3.388965212902661e-06,0.0237374742726302,0.0137663712084119,15.669857473472977,14.126980015784168,11.728602469654222
-0.3053528273706228,0.0399544687489995,0.1368123023789832,18.684401096171896,15.765518483651402,12.01398538752095,19.9291749985957,-7.738373826288629,-5.091703499521897,-10.506747276132986,8.027144657362772,6.922281887999054,9.422427722462714,2.4845737729568835,3.344049957706388,2.886363806090844,18.289617283672243,18.795965823090597,13.208075007739,3.6783269008910935e-05,0.0251707551864613,0.0227676317779885,18.289654066941253,18.821136578277056,13.230842639516988
-0.2932356423693411,0.0365522907992525,0.2008344474162209,17.631622588116354,16.898370111219094,9.89952395931716,21.324217248497305,-8.304799640072476,-4.515032200920861,-10.706039026118878,8.59357047114662,5.384491758396299,10.618178222378427,2.5314845223289204,3.095590275952865,3.006378528045729,18.34425091824308,18.337737257484815,15.467155711037377,7.82566787926875e-06,0.0196086378158331,0.0154686041067386,18.34425874391096,18.35734589530065,15.482624315144111
-0.3644769804095639,0.0205934085043424,0.2244246597247151,15.189165873421484,15.104688367570258,13.07121610162228,29.395533122928057,-7.832778128585942,-6.052822330523236,-14.59222815084484,7.271910238984315,7.018393771099044,14.803304972083216,2.6784022164883567,3.5564553945506856,3.540129959790652,24.08260319135292,20.917980664215545,18.171927764554308,6.112737759744746e-05,0.0168200746237567,0.018477092218379,24.082664318730515,20.9348007388393,18.190404856772687
-0.28924381194283,0.0419770057516513,0.1526559499321164,18.54299382816201,15.671114181354096,13.359551750922984,25.50934399820209,-8.021586733180552,-5.860598564322896,-13.396477650929125,7.649527448173544,7.498953186600088,12.112866347272968,2.625182167065428,3.5137564610605136,3.0753442792832395,17.90275971892322,18.25603903301884,18.734696772711278,2.169712118238465e-05,0.0125199577610311,0.0064040350349439,17.902781416044405,18.268558990779876,18.741100807746214
-0.6816423649561475,0.004347394620954,0.1357018521310021,16.57831559216523,19.069669064057525,15.85846071152746,27.00403212309703,-10.759311499802829,-8.359507524927372,-13.99435290088718,8.310357564254696,7.498953186600088,13.00967922220985,3.246222988679493,3.319859744826233,3.094162991678449,21.891564457258195,22.83717051205082,19.232385488615822,7.45787684950372e-05,0.0065800616565967,0.012347293754726,21.89163903602669,22.843750573707418,19.24473278237055
-0.6654249557583021,0.0092563323594082,0.1053169753415199,17.94268349633503,12.74458081013721,11.821761621320222,26.107219248160145,-7.077543710207484,-5.572262915022566,-14.69187402583778,5.6670370999297255,6.249498706297656,11.415345222322362,2.379142591686441,3.2400200023579253,2.999778142180719,20.309936019002567,18.6040235410187,17.18949971834244,7.511985776137431e-05,0.0178264801145432,0.0154721755528956,20.31001113886033,18.621850021133245,17.204971893895333
-0.6060669556690437,0.0260901546856557,0.0549789094620313,17.66806360577896,15.765518483651402,9.51507642691648,16.54121524883407,-7.360756617099399,-4.322808434720521,-7.318079276357632,8.404761866552002,5.19226799219596,9.223135972476438,2.2028969936419465,3.014326036145355,2.3513131993109844,18.492784846905355,16.75532863105528,13.402175261732143,2.106631603226994e-05,0.014174186012051,0.0215206917751685,18.49280591322139,16.769502817067334,13.423695953507313
-0.6461294057408399,0.0111765755799136,0.1979618049692517,16.525098675570348,15.482305576759485,10.572307141018175,26.40615687313858,-8.21039533777517,-4.99559161642153,-12.997894150956958,7.271910238984315,5.576715524596647,13.408262722181624,2.8253194745125545,3.2462613307770174,3.2380808633528777,19.01548964778874,18.34816535704237,18.067400820971702,5.3814347837022325e-05,0.0214812843474959,0.008127517294497,19.015543462136577,18.369646641389863,18.075528338266203
-0.6923258328029089,0.01820661674635,0.0892033005135925,20.22471383424415,14.915879762975646,10.860642790318884,18.23519512371449,-7.927182430883247,-5.091703499521897,-8.314538026287064,6.988697332092399,5.768939290796988,9.92065709742743,2.5376975881204142,3.3638597700210986,2.86237366554842,18.19683849085336,16.160316975466145,13.384123284447092,9.898318875656288e-06,0.0067692448691088,0.0220849261130817,18.19684838917223,16.167086220335253,13.406208210560171
-0.6912454064147732,0.0151242388804221,0.0749088203097007,18.07270908667932,18.692051854867927,12.39843291992126,47.132498871678095,-10.004077081424,-6.052822330523236,-21.168855900381324,8.687974773443925,6.345610589398023,25.96364297129677,3.2097625668545446,3.6383221485973545,3.0682830028109263,32.896819042462205,24.003917639459765,23.872673036044738,4.4261618445951e-06,0.0234684898143688,0.0155914550559368,32.89682346862405,24.02738612927413,23.888264491100674
-0.6855515907330687,0.0122174703092881,0.028576777452871,17.469515290389513,19.636094877841373,12.975104218522665,18.83307037367254,-11.42014161588398,-5.2839272657222365,-9.012059151238054,8.215953261957392,7.6911769528004275,9.821011222434487,4.026494402765152,3.991070708040069,3.218627123249956,27.64101354328185,20.62717771793189,15.312874937796652,0.0001812485014506,0.0211336497109358,0.0128039683100565,27.641194791783303,20.648311367642822,15.325678906106708
-0.7051298076867939,0.0101848522895135,0.0884456961880945,18.98170296974773,23.03464976054443,16.050684477727422,27.30296974807546,-13.780249173316658,-6.052822330523236,-12.499664775992242,9.25440058722777,9.997862147204186,14.803304972083216,6.653427401026673,4.955069186540902,3.7533134017892538,35.13344001646484,21.54755026697736,17.455389496680873,3.360374595795523e-05,0.0254919005598857,0.0115655281529353,35.13347362021079,21.573042167537245,17.46695502483381
-0.72091351340804,0.0078218437814669,0.1404936079949742,17.51792048442179,16.520752902029866,11.05286655651923,17.33838224877761,-9.43765126764016,-4.707255967121209,-8.115246276301171,7.083101634389705,6.345610589398023,9.223135972476438,2.761231500845826,3.362961646728294,2.7762357703622182,19.16367373569768,18.58870469862636,15.392285226523652,4.90460709312579e-06,0.0125899947759932,0.0186009733520396,19.163678640304774,18.60129469340235,15.410886199875693
-0.7112265019302079,0.0054686192862503,0.2039696242163556,18.90632135527293,13.216602321624112,13.743999283323674,26.605448623124868,-7.6439695239913235,-6.725605512224631,-14.093998775880124,5.57263279763279,7.018393771099044,12.511449847244744,2.7923596540890263,3.5514459085919468,3.373511928777555,22.21404665271968,22.9341404725476,19.68356700785261,8.369850955070035e-05,0.0130537237225869,0.0218688596301108,22.21413035122923,22.947194196270186,19.70543586748272
-0.7248956936368633,-0.0464703826503962,0.1589585642030158,15.72026793634075,17.087178715813707,16.723467659429183,34.377826872577174,-9.626459872234772,-8.45561940802773,-18.17947965059197,7.460718843578934,8.267848251401455,16.198347221985205,3.09166304691885,4.171382250373505,3.838260537269509,27.84792527330532,28.465583284482424,21.206303243037176,7.732899114820668e-06,0.0052603685566476,0.0199666034914959,27.847933006204432,28.470843653039072,21.226269846528677
-0.712457727363478,0.0008128283841487,0.1650545994296385,17.199424080716526,22.562628249057887,13.743999283323673,26.30651099814603,-12.647397545748971,-5.956710447423255,-12.300373026006358,9.915230703308916,7.7872888359004175,14.006137972139674,4.934479534556364,4.254179724571728,3.6865727388151552,30.44471957829112,20.454629963226036,19.941436951773525,0.0001094580035909,0.0209748889690738,0.0155011386757229,30.444829036294717,20.475604852195108,19.95693809044925
-0.7040568837238455,0.0092712843167203,0.0488550664048774,17.2838465601291,14.443858251489104,11.052866556519223,16.142631748862286,-7.927182430883247,-5.187815382621879,-8.115246276301171,6.516675820605858,5.865051173897346,8.027385472561116,2.489873238572934,3.171174815987965,2.6005583636027967,17.39233551351324,15.007357539542442,12.973242267630692,0.0001755099368505,0.0192745112564486,0.0099127854587492,17.39251102345009,15.02663205079889,12.98315505308944
-0.6766986795528378,0.0107325333525478,0.0858261518111457,18.02818485922816,18.78645615716561,12.590656686121976,18.83307037367293,-10.948120104397448,-4.899479733321549,-8.61347565126628,7.838336052768161,7.6911769528004275,10.219594722406654,3.857831818250268,3.823930896604686,3.112372926621928,21.0654901223282,19.42456480766388,17.12667853620793,8.756624412797898e-06,0.0234669168420121,0.0115245301651044,21.06549887895261,19.44803172450589,17.138203066373034
-0.7010222370325043,-0.0456313106550819,0.209265021445301,17.679557564637676,17.087178715814076,16.0506844777278,28.698011997977453,-9.909672779127066,-6.148934213623603,-14.990811650816614,7.17750593668701,9.901750264104196,13.70720034716084,3.872269715859456,4.091923432587015,3.8260968110489935,26.93954799718129,20.545174442752117,23.295624655390625,8.158209617192824e-06,0.0232816544955657,0.0169564498884673,26.939556155390907,20.56845609724768,23.312581105279094
-0.7249226766290104,-0.004285490102464,0.2508648562747492,17.269837734794038,20.86335080770636,11.917873504420587,25.011114623237376,-12.930610452640892,-6.341157979823942,-13.296831775936182,7.932740355065468,5.576715524596647,11.714282847301194,3.892967509310337,3.6288151886488578,3.4536178527232293,24.17000894970403,20.190499041559125,18.03095437003056,1.4796918331505536e-05,0.0045651033268511,0.0151122435982244,24.170023746622363,20.195064144885976,18.04606661362878
-0.7183964488025514,0.0050854059152062,0.0536429227470259,15.780063710456911,15.104688367570256,11.629537855120262,20.42740437356042,-8.39920394236978,-5.668374798122925,-9.809226151181996,6.705484425200476,5.961163056997336,10.618178222378427,2.238496715070537,2.811672447002979,2.7365593041658025,18.48330068886065,18.79851418300307,14.431745662703204,3.763489658137331e-06,0.0207885341829833,0.0215312915039367,18.48330445235031,18.81930271718605,14.45327695420714
-0.726719391107394,0.0087550124975077,0.0189129299587245,16.083189682576315,17.936817436489477,11.91787350442059,20.52705024855337,-9.81526847682939,-5.187815382621879,-9.709580276189056,8.121548959660085,6.730058121798711,10.817469972364313,2.418712838382041,3.367314397764544,2.7685039795111823,18.855432589027185,17.78432226545594,16.29521363841008,2.005359415191421e-06,0.0151220860314476,0.0184659676246181,18.8554345943866,17.799444351487388,16.313679606034697
-0.6999113566391759,0.0140043791887502,0.1012959120021604,16.11035008615244,18.59764755257099,12.302321036821278,18.534132748694105,-11.514545918181286,-5.956710447423255,-7.11878752637174,7.083101634389705,6.345610589398023,11.415345222322362,3.500590240282626,3.1700591091115293,2.9170763640431017,22.37679903811124,17.165231742478905,15.261990020301884,9.232097222588996e-06,0.0076650228233671,0.0054946647979139,22.376808270208464,17.172896765302273,15.2674846850998
-0.7369753074030242,0.007928144747053,0.108285656705539,16.299344334217206,20.20252069162521,12.11009727062093,26.007573373166814,-10.664907197505524,-4.99559161642153,-11.602851901055368,9.537613494119688,7.1145056541994,14.404721472111447,3.721794746570532,3.60433537407625,3.5691312480431634,25.32765274149079,21.523008000271744,19.541834295690823,2.5046442944876013e-05,0.0093513651791705,0.0225094348452679,25.327677787933737,21.532359365450915,19.56434373053609
-0.713652232086036,0.009314871493357,0.0951178756779872,14.755596009408013,19.069669064057532,14.801229997425748,30.790575372830048,-11.6089502204786,-5.668374798122925,-15.489041025781722,7.460718843578934,9.13285519930282,15.301534347048324,3.2688570602428904,3.0663803936933998,3.137385835100073,21.4588768452142,21.973685680340708,20.2685648231818,0.0001251722971344,0.0202852441278684,0.0029777398427605,21.45900201751133,21.993970924468577,20.27154256302456
-0.669721936946295,0.0121079377897431,0.2065797592295858,16.78733722705393,17.748008831895227,13.840111166424023,26.406156873138585,-10.476098592910914,-5.668374798122925,-11.602851901055368,7.271910238984315,8.171736368301099,14.803304972083216,3.768709877142288,3.5088024962012825,3.5502483556525166,24.970531405871416,21.047838279521294,19.76441212946428,2.58055224139353e-05,0.021471149919003,0.0111265045569409,24.970557211393828,21.069309429440292,19.775538634021217
-0.6586444202428839,0.0166534522590434,0.166374171143188,15.464822219961809,16.70956150662448,11.341202205819554,27.004032123097023,-8.304799640072476,-5.572262915022566,-12.001435401027525,8.404761866552002,5.768939290796988,15.002596722069498,2.4461238653709327,3.175958872702737,3.014149034625153,21.43366217772347,22.107967266911512,18.984609269071345,5.555450209140944e-05,0.0158827306703717,0.0117290461702646,21.43371773222556,22.123849997581885,18.99633831524161
-0.6925387781328289,0.0090213309292958,0.2209994917144489,18.923750623944645,15.57670987905679,14.512894348125425,24.811822873251103,-8.115991035477856,-7.110053044625318,-11.70249777604831,7.460718843578934,7.4028413035001055,13.109325097202792,2.9960111549578543,4.082155698731974,4.361160972335205,21.479914585856665,20.11839268410274,19.87706129368337,5.875293335844134e-06,0.017362892220519,0.0231125602142288,21.47992046115,20.13575557632326,19.9001738538976
